
After Step 0
2682551651
3223134263
5848471412
7438334862
8731321573
6415233574
5564726843
6683456445
8582346112
4617588236

After Step 1
3793662762
4334245374
6959582523
8549445973
9842432684
7526344685
6675837954
7794567556
9693457223
5728699347

After Step 2
4905773873
7888456485
0000894855
0000758006
0008746008
0000779009
0000090007
0000000098
0000000744
9080000658

After Step 3
8060009006
0000000008
3446000097
1125000538
1120000430
1124000340
1112404350
1111222200
2211111977
0291111769

After Step 4
9171120228
1111122340
4557111200
2236111770
2231111552
2235111451
2223515461
2222334543
3433224000
1403224000

After Step 5
0382231339
3322233451
5668222311
3347222881
3342222663
3346222562
3334626572
3333445654
4544335111
2514335111

After Step 6
1493342450
4433344573
6779333422
4458333992
4453333774
4457333673
4445737683
4444556765
5655446222
3625446222

After Step 7
2605453561
5777555684
7900645754
5690646005
5575547008
5568458007
5556860007
5555680008
6766569654
4736557333

After Step 8
4937564672
9009666795
0063756865
9003757116
7909758119
6790779118
6679092118
6667903219
7877790865
5847679544

After Step 9
7070000005
0340000009
3388000008
0438000759
0050000540
0007000450
0000706350
0000057450
0000005097
9000000865

After Step 10
8181111127
1451111130
4499111140
1549111880
1161111662
1118111561
1111817461
1111168672
2211117309
0211112097

After Step 11
9292222238
2684322241
5600422251
2780422991
2283322773
2229222672
2222928572
2222279794
3322228540
1322223200

After Step 12
0705333349
6007433352
9063534583
5003535004
4607536007
3450557006
3345070006
3334500007
4433460082
2433346521

After Step 13
1816444460
8218544474
0274645694
7214646115
5718647118
4561668117
4456181117
4445611118
5544571193
3544457632

After Step 14
2927555571
9329655696
1385756806
8325757337
6829758229
5672779228
5567292239
5556722340
6655682306
4655568854

After Step 15
5060000004
0780000009
3600000048
9570000869
7950000650
6796000560
6679606460
6667944462
7766793417
5766679965

After Step 16
7392111126
3002111130
8063111180
0003111990
0005211772
0000421671
0000037571
0000096573
0000008738
9000000086

After Step 17
8504222237
4224222352
9174223503
1114224004
1116325006
1111546005
1111270005
1111200007
2211240090
0211123409

After Step 18
9615333348
6435333463
0385334614
3325335115
2227436117
2222657116
2222381116
2222311229
3322351203
1322234630

After Step 19
0826444459
8646444574
1496445725
4436446226
3338547228
3333768227
3333492238
3333422340
4433462325
2433345741

After Step 20
1937555570
9868555696
2608556836
5658557337
4449669439
4444990438
4444605449
4444644451
5544573436
3544456852

After Step 21
5090000003
0000000009
6080000078
7900000869
5680000760
5568004670
5556937570
5555755573
6655684547
4655567963

After Step 22
6202111125
1333111240
8302112400
9043113000
7903214005
6790327004
6679059903
6667976795
7766796768
5766679084

After Step 23
7313222236
3544222351
0613223511
0564224111
0045336216
0004660425
0000600045
0000000009
0000000000
9000000608

After Step 24
8424333347
4655333462
1724334622
1675335222
1156447327
1115771536
1111711167
1111111120
2211111122
0211111719

After Step 25
9535444458
5766444573
2835445733
2786446333
2267558438
2226882647
2222822278
2222222231
3322222244
1322222830

After Step 26
0746555569
7977555684
3946556844
3897557444
3378669549
3337993758
3333933389
3333333342
4433333355
2433333941

After Step 27
4000000000
0000000009
8000000008
6000000009
5700000000
4570009000
4457076700
4445554575
5544445576
3544445062

After Step 28
5111111122
1111111130
9111111140
7111111130
6811122222
5681120211
5568198911
5556665686
6655556687
4655556173

After Step 29
6222222233
3322222241
0322222251
9322222241
7922233333
6792354532
6679400064
6667900000
7766790000
5766679607

After Step 30
7333333344
4433333352
2533333362
0743333352
0064344444
0006565643
0000821175
0000042111
0000004211
9000000818

After Step 31
8444444455
5544444463
3644444473
1854444463
1175455555
1117676754
1111932286
1111153222
2211115322
0211111929

After Step 32
9555555566
6655555574
4755555584
2965555574
2286566666
2229897865
2223053397
2223374333
3322227554
1322223050

After Step 33
0000000009
0000000008
9000000008
5000000009
4600000000
3460000000
3346497800
3334485566
4433338665
2433334161

After Step 34
1111111130
2211111140
0211111140
7211111130
5711111122
4571234321
4457700042
4445700009
5544570008
3544457593

After Step 35
2222222241
3322222251
1322222251
8322222241
6822222233
5682345432
5568811164
5556811130
6655681240
4655568706

After Step 36
3333333352
4433333362
2433333362
9433333352
7933333344
6793456543
6679922275
6667922241
7766792351
5766679817

After Step 37
4444444463
5544444473
4644444473
0854444463
0075444455
0008777654
0000053386
0000074352
0000007672
9000000038

After Step 38
5555555574
6655555584
5755555584
1965555574
1186555566
1119888765
1111164497
1111185463
2211118783
0211111149

After Step 39
7900000007
9000000008
9000000008
4000000009
3500000000
2350000000
2234700000
2222400008
3322350007
1322234580

After Step 40
0021111129
0521111130
0311111140
6211111130
4611111122
3461111111
3345811111
3333511119
4433461118
2433345691

After Step 41
1132222240
1632222252
1422222251
7322222241
5722222233
4572222222
4456922233
4444622240
5544572350
3544456804

After Step 42
2243333351
2743333363
2533333362
8433333352
6833333344
5684443333
5568043344
5556843351
6655683461
4655567915

After Step 43
3354444462
3854444474
3644444473
9544444463
7944444455
6795554444
6679154455
6667954462
7766795682
5766679036

After Step 44
4465555573
4965555585
5855555584
0965555574
0086555566
0009765555
0000575566
0000096573
0000009893
9000000247

After Step 45
6809766684
7000976696
9000097695
3000009785
2400000987
1240000097
1124000009
1112400007
2211240006
0211123679

After Step 46
7920000008
9224000000
0212400000
5211240000
3511124000
2351112400
2235111240
2223511129
3322351128
1322234790

After Step 47
0041111119
0645111111
2423511111
6322351111
4622235111
3462223511
3346222362
3334622250
4433462360
2433345903

After Step 48
1152222230
1756222233
3534622222
7433462222
5733346222
4573334622
4457333473
4445733361
5544574581
3544457024

After Step 49
2263333341
2867333344
4645733333
8544573333
6844457333
5684445733
5568444584
5556844472
6655685692
4655568135

After Step 50
3374444452
3978444455
5756844444
9655684444
7955568444
6795556844
6679555695
6667955694
7766796804
5766679357

After Step 51
5708655563
7000865566
0000086555
0000008655
0000000865
0000000086
0000000008
0000000007
0000000046
9000000778

After Step 52
6819766674
8111976677
1111197666
1111119766
1111111976
1111111197
1111111119
1111111118
2211111157
0211111889

After Step 53
7930000008
9235000000
2223500000
2222350000
2222235000
2222223500
2222222360
2222222360
3322223500
1322223000

After Step 54
0051111119
0656111111
4434611111
3333461111
3333346111
3333334611
3333333471
3333333471
4433334611
2433334111

After Step 55
1162222230
1767222233
5545722222
4444572222
4444457222
4444445722
4444444582
4444444582
5544445722
3544445222

After Step 56
2273333341
2878333344
6656833333
5555683333
5555568333
5555556833
5555555693
5555555693
6655556833
4655556333

After Step 57
4607544452
6000754455
0000075444
9000007544
7900000754
6790000075
6679000006
6667900006
7766790075
5766679654

After Step 58
5718655563
7111865566
2211186555
0421118655
0042111865
0004211186
0000421117
0000042117
0000004286
9000000865

After Step 59
6829766674
8222976677
3322297666
1532229766
1153222976
1115322297
1111532228
1111153228
2211115397
0211111976

After Step 60
7940000008
9346000000
4434600000
2643460000
2264346000
2226434600
2222643470
2222264470
3322227700
1322223000

After Step 61
0061111119
0767111111
6645711111
3754571111
3375457111
3337545711
3333754581
3333375581
4433338811
2433334111

After Step 62
1172222230
1878222233
7756822222
4865682222
4486568222
4448656822
4444865692
4444486692
5544449922
3544445222

After Step 63
3506433341
5000643344
0000064333
8000006433
6800000643
5680000064
5568000005
5556800005
6655680064
4655568543

After Step 64
4617544452
6111754455
1111175444
9111117544
7911111754
6791111175
6679111116
6667911116
7766791175
5766679654

After Step 65
5728655563
7222865566
3322286555
0532228655
0053222865
0005322286
0000532227
0000053227
0000005386
9000000865

After Step 66
6839766674
8333976677
4433397666
1643339766
1164333976
1116433397
1111643338
1111164338
2211116497
0211111976

After Step 67
7950000008
9457000000
5545700000
2754570000
2275457000
2227545700
2222754580
2222275580
3322228800
1322223000

After Step 68
0071111119
0878111111
7756811111
3865681111
3386568111
3338656811
3333865691
3333386691
4433339911
2433334111

After Step 69
2405322230
4000532233
0000053222
7000005322
5700000532
4570000053
4457000004
4445700004
5544570053
3544457432

After Step 70
3516433341
5111643344
1111164333
8111116433
6811111643
5681111164
5568111115
5556811115
6655681164
4655568543

After Step 71
4627544452
6222754455
2222275444
9222227544
7922222754
6792222275
6679222226
6667922226
7766792275
5766679654

After Step 72
5738655563
7333865566
4433386555
0643338655
0064333865
0006433386
0000643337
0000064337
0000006486
9000000865

After Step 73
6849766674
8444976677
5544497666
1754449766
1175444976
1117544497
1111754448
1111175448
2211117597
0211111976

After Step 74
7960000008
9568000000
6656800000
2865680000
2286568000
2228656800
2222865690
2222286690
3322229900
1322223000

After Step 75
0004211119
0000421111
0000042111
6000004211
4600000421
3460000042
3346000003
3334600003
4433460042
2433346321

After Step 76
1115322230
1111532233
1111153222
7111115322
5711111532
4571111153
4457111114
4445711114
5544571153
3544457432

After Step 77
2226433341
2222643344
2222264333
8222226433
6822222643
5682222264
5568222225
5556822225
6655682264
4655568543

After Step 78
3337544452
3333754455
3333375444
9333337544
7933333754
6793333375
6679333336
6667933336
7766793375
5766679654

After Step 79
4448655563
4444865566
5544486555
0754448655
0075444865
0007544486
0000754447
0000075447
0000007586
9000000865

After Step 80
5559766674
5555976677
6655597666
1865559766
1186555976
1118655597
1111865558
1111186558
2211118697
0211111976

After Step 81
6790000008
7900000000
9000000000
4000000000
3500000000
2350000000
2235000000
2223500000
3322350000
1322235000

After Step 82
0002111119
0042111111
0421111111
6211111111
4611111111
3461111111
3346111111
3334611111
4433461111
2433346111

After Step 83
1113222230
1153222233
1532222222
7322222222
5722222222
4572222222
4457222222
4445722222
5544572222
3544457222

After Step 84
2224333341
2264333344
2643333333
8433333333
6833333333
5683333333
5568333333
5556833333
6655683333
4655568333

After Step 85
3335444452
3375444455
3754444444
9544444444
7944444444
6794444444
6679444444
6667944444
7766794444
5766679444

After Step 86
4446555563
4486555566
5965555555
0965555555
0086555555
0008655555
0000865555
0000086555
0000008655
9000000655

After Step 87
5679766674
6800976677
8000097666
3000009766
2400000866
1240000966
1124000966
1112400966
2211240966
0211122866

After Step 88
6790000008
7924000000
9112400000
4111240000
3511125000
2351114000
2235114000
2223514000
3322354000
1322235000

After Step 89
0002111119
0066111111
0533511111
6322351111
4622236111
3462225111
3346225111
3334625111
4433465111
2433346111

After Step 90
1113222230
1177222233
1644622222
7433462222
5733347222
4573336222
4457336222
4445736222
5544576222
3544457222

After Step 91
2224333341
2288333344
2755733333
8544573333
6844458333
5684447333
5568447333
5556847333
6655687333
4655568333

After Step 92
3335444452
3399444455
3866844444
9655684444
7955569444
6795558444
6679558444
6667958444
7766798444
5766679444

After Step 93
4568655563
5700865566
7000086555
0000008655
0000000755
0000000855
0000000855
0000000855
0000000855
9000000755

After Step 94
5679766674
6811976677
8111197666
1111119766
1111111866
1111111966
1111111966
1111111966
2211111966
0211111866

After Step 95
6790000008
7935000000
9223500000
2222350000
2222236000
2222225000
2222225000
2222225000
3322225000
1322224000

After Step 96
0002111119
0077111111
0644611111
4433461111
3333347111
3333336111
3333336111
3333336111
4433336111
2433335111

After Step 97
1113222230
1188222233
1755722222
5544572222
4444458222
4444447222
4444447222
4444447222
5544447222
3544446222

After Step 98
2224333341
2299333344
2866833333
6655683333
5555569333
5555558333
5555558333
5555558333
6655558333
4655557333

After Step 99
3457544452
4600754455
5000075444
9000007544
7900000644
6790000744
6679000744
6667900744
7766790644
5766679544

After Step 100
4568655563
5711865566
7211186555
0421118655
0042111755
0004211855
0000421855
0000042855
0000004855
9000000755

After Step 101
5679766674
6822976677
8322297666
1532229766
1153222866
1115322966
1111532966
1111153966
2211115966
0211111866

After Step 102
6790000008
7946000000
9434600000
2643460000
2264347000
2226436000
2222646000
2222267000
3322229000
1322224000

After Step 103
0002111119
0088111111
0855711111
4854571111
3375458111
3337547111
3333757111
3333389211
4433340211
2433346211

After Step 104
1113222230
1199222233
1966822222
5965682222
4486569222
4448669322
4444990422
4444500522
5544573422
3544457322

After Step 105
2346433341
3500643344
4000064333
8000006433
6800000533
5680000633
5568004633
5556832633
6655684533
4655568433

After Step 106
3457544452
4611754455
5111175444
9111117544
7911111644
6791111744
6679115744
6667943744
7766795644
5766679544

After Step 107
4568655563
5722865566
7322286555
0532228655
0053222755
0005322855
0000536855
0000085855
0000009855
9000000755

After Step 108
5679766674
6833976677
8433397666
1643339766
1164334976
1116446086
1111770096
1111200096
2211240096
0211124086

After Step 109
6790000008
7957000000
9545700000
2754570000
2275458000
2227558500
2222881400
2222311400
3322351400
1322235300

After Step 110
0002111119
0099111111
0966811111
4965681111
3386569111
3338669611
3333992511
3333422511
4433462511
2433346411

After Step 111
1235322230
2400532233
3000053222
7000005322
5700000422
4570000922
4457006722
4445754622
5544573622
3544457522

After Step 112
2346433341
3511643344
4111164333
8111116433
6811112643
5681112043
5568118943
5556865733
6655684733
4655568633

After Step 113
3457544452
4622754455
5222275444
9222227544
7922223754
6792235364
6679230074
6667989064
7766796954
5766679744

After Step 114
4568655563
5733865566
7433386555
0643338655
0064334865
0006446475
0000773285
0000000485
0000000085
9000000075

After Step 115
5679766674
6844976677
8544497666
1754449766
1175445976
1117557586
1111884396
1111111596
2211111196
0211111186

After Step 116
6790000008
7968000000
9656800000
2865690000
2286690000
2229900000
2223009900
2223443900
3322222500
1322222400

After Step 117
0004211119
0000421111
0000042111
6000003111
4600003111
3460054321
3346330031
3334567031
4433334721
2433333511

After Step 118
1115322230
1111532233
1111153222
7111114222
5711114222
4571165432
4457441142
4445678142
5544445832
3544444622

After Step 119
2226433341
2222643344
2222264333
8222225333
6822225333
5682276543
5568552253
5556789253
6655556943
4655555733

After Step 120
3337544452
3333754455
3333375444
9333336444
7933336444
6793387654
6679785464
6667900674
7766790074
5766679064

After Step 121
4448655563
4444865566
5544486555
0754447555
0075569655
0008800865
0000009675
0000063785
0000004285
9000000275

After Step 122
5559766674
5555976677
6655597666
1865569766
1186680976
1119934086
1111120996
1111185996
2211115396
0211111386

After Step 123
6790000008
7900000000
9000000000
4000000000
3500006000
2350078600
2234443000
2222298000
3322227800
1322222600

After Step 124
0002111119
0042111111
0421111111
6211111111
4611117111
3461189711
3345676211
3333400421
4433460021
2433345921

After Step 125
1113222230
1153222233
1532222222
7322233322
5722350532
4572400032
4456900632
4444633632
5544572242
3544457042

After Step 126
2224333341
2264333344
2643333333
8433344433
6833461643
5684621143
5568021743
5556854743
6655683353
4655568153

After Step 127
3335444452
3375444455
3754444444
9544455544
7944572754
6795732254
6679132854
6667965854
7766794464
5766679264

After Step 128
4446555563
4486555566
5965555555
0965566655
0086683865
0009943365
0000664965
0000008965
0000009675
9000000475

After Step 129
5679766674
6800976677
8000097666
3000009766
2400006976
1240086697
1123998008
1111130009
2211130009
0211123908

After Step 130
6790000008
7924000000
9112400000
4111250000
3511250000
2352400000
2235000560
2223473240
3322242250
1322235040

After Step 131
0002111119
0066111111
0533511111
6322361111
4622361111
3463511111
3346111671
3334584351
4433353361
2433346151

After Step 132
1113222230
1177222233
1644622222
7433472222
5733472222
4574622222
4457222782
4445695462
5544464472
3544457262

After Step 133
2224333341
2288333344
2755733333
8544583333
6844583333
5685733333
5568444893
5556807573
6655686583
4655568373

After Step 134
3335444452
3399444455
4966844444
0965694444
0086694444
9009945665
7900878006
6790060007
7779000007
5767900906

After Step 135
4568655563
5700865566
7000086555
3000007555
3500009655
0550000976
0055000317
0005504218
0000533228
9000022027

After Step 136
5679766674
6811976677
8111197666
4111129766
4611120976
1661123097
1166112538
1116615329
2211644339
0211133138

After Step 137
6790000008
7935000000
9223500000
5222360000
5722244000
2772235400
2277223780
2227726460
3322755470
1322244260

After Step 138
0002111119
0077111111
0644611111
7433471111
6833355111
3883346511
3388334891
3338837571
4433866581
2433355371

After Step 139
1113222230
1188222233
1755722222
8544582222
7944466222
4994458843
4499458004
4449960005
5544990005
3544478804

After Step 140
2224333341
2299333344
3966944333
0966906433
0099000643
8000000064
6800000425
5680005216
6668006326
4656800025

After Step 141
3457544452
4600754455
6000075444
3000037544
2400421754
9233211175
7911111536
6791116327
7779117437
5767911136

After Step 142
4568655563
5711865566
7111186555
4111148655
4611532865
0654322286
0053222647
0005327438
0000538548
9000032247

After Step 143
5679766674
6822976677
8222297666
5222259766
5722643976
1765433397
1164333758
1116438549
2211649659
0211143358

After Step 144
6790000008
7946000000
9334600000
6333490000
6833767000
2876546900
2275457000
2227560000
3322770000
1322266800

After Step 145
0002111119
0088111111
0755822111
8544603211
7944990321
3987669021
3386569221
3338671111
4433881111
2433377911

After Step 146
1113222230
1199222233
2966933222
0966935322
0099004532
7000000332
5700000532
4570006322
5557007432
3545700032

After Step 147
2346433341
3500643344
5000064333
3000066433
2400425643
8233211443
6811111643
5681117433
6668118543
4656811143

After Step 148
3457544452
4611754455
6111175444
4111177544
3511536754
9344322554
7922222754
6792228544
7779229654
5767922254

After Step 149
4568655563
5722865566
7222286555
5222288655
5722647865
0765433665
0064344965
0006450855
0000660965
9000054465

After Step 150
5679766674
6833976677
8333397666
6333399766
6833758976
1876545886
1175457096
1117564096
2211773096
0211166686

After Step 151
6790000008
7957000000
9445800000
7444600000
7944990000
2987669000
2286569500
2228675400
3322884400
1322277900

After Step 152
0002111119
0099111111
0966911111
0966932111
0099004211
6000000311
4600000911
3460000811
4446000921
2434600021

After Step 153
1235322230
2400532233
3000042222
3000063222
2400425322
7233212532
5711113042
4571114052
5557113052
3545712242

After Step 154
2346433341
3511643344
4111153333
4111174333
3511536433
8344323643
6822224153
5682225163
6668224163
4656823353

After Step 155
3457544452
4622754455
5222264444
5222285444
4622647544
9455434754
7933335264
6793336274
7779335274
5767934464

After Step 156
4568655563
5733865566
6333375555
6333396555
6833758655
0876545865
0075446375
0007547385
0000756385
9000055575

After Step 157
5679766674
6844976677
7444597666
7444509766
7944980976
1987668086
1186558596
1118658496
2211867496
0211166686

After Step 158
6790000008
7968000000
9656900000
0866960000
0099007000
5000000800
3500000000
2350000000
3335000000
1323500000

After Step 159
0004211119
0000421111
0000031111
4000091111
2400428111
6233211911
4611111111
3461111111
4446111111
2434611111

After Step 160
1115322230
1111532233
1111253222
5111204322
3511650432
7344334032
5722223332
4572222222
5557222222
3545722222

After Step 161
2226433341
2222643344
2222364333
6222315433
4622761543
8455445143
6833334443
5683333333
6668333333
4656833333

After Step 162
3337544452
3333754455
3333475444
7333426544
5733872654
9566556254
7944445554
6794444444
7779444444
5767944444

After Step 163
4448655563
4444865566
4444586555
8444537655
7944983765
0987667365
0086556665
0008655555
0000865555
9000065555

After Step 164
5559766674
5555976677
6655697666
0866869766
0099007976
4000000786
2400000086
1240000976
2224009766
0212397666

After Step 165
6790000008
7900000000
9000000000
3000000000
2400550000
5233224000
3511113600
2351124000
3335240000
1323500000

After Step 166
0002111119
0042111111
0421111111
5211111111
3511661111
6344335111
4622224711
3462235111
4446351111
2434611111

After Step 167
1113222230
1153222233
1532222222
6322222222
4622772222
7455446222
5733335822
4573346222
5557462222
3545722222

After Step 168
2224333341
2264333344
2643333333
7433333333
5733883333
8566557333
6844446933
5684457333
6668573333
4656833333

After Step 169
3335444452
3375444455
3754444444
8544444444
6844994444
9677669554
7955558054
6795569554
7779684444
5767944444

After Step 170
4446555563
4486555566
5965555555
0966776555
0099008655
0000000865
0000000465
0000000865
0000008655
9000086555

After Step 171
5679766674
6800976677
8000097666
3000009766
2400540976
1233223086
1111112686
1111111976
2211119766
0211197666

After Step 172
6790000008
7924000000
9112400000
4111240000
3511664000
2344336600
2222225000
2222236000
3322350000
1322300000

After Step 173
0002111119
0066111111
0533511111
6322351111
4622775111
3455447711
3333336111
3333347111
4433461111
2433411111

After Step 174
1113222230
1177222233
1644622222
7433462222
5733886222
4566558822
4444447222
4444458222
5544572222
3544522222

After Step 175
2224333341
2288333344
2755733333
8544573333
6844997333
5677669933
5555558333
5555569333
6655683333
4655633333

After Step 176
3335444452
3399444455
4966955444
0966907544
0099000754
9000000054
7900000854
6790000644
7779007544
5767965444

After Step 177
4568655563
5700865566
7000086555
3000038655
3500421865
0543211165
0042111965
0004211755
0000428655
9000086555

After Step 178
5679766674
6811976677
8111197666
4111149766
4611532976
1654323386
1153223086
1115323976
2211539766
0211197666

After Step 179
6790000008
7935000000
9223500000
5222380000
5722656000
2765435800
2264335500
2226447000
3322770000
1322300000

After Step 180
0002111119
0077111111
0644611111
7433491111
6833767111
3876546911
3375446611
3337558111
4433881111
2433411111

After Step 181
1113222230
1188222233
1755833222
8544604322
7944990432
4987669032
4486558832
4448669222
5544992222
3544522222

After Step 182
2224333341
2299333344
3966944333
0966936433
0099004643
8000000453
6800000053
5680000643
6668006433
4656854333

After Step 183
3457544452
4600754455
6000075444
3000067544
2400425754
9233211564
7911111164
6791111754
7779117544
5767965444

After Step 184
4568655563
5711865566
7111186555
4111178655
4611536865
0654322675
0053222275
0005322865
0000538655
9000086555

After Step 185
5679766674
6822976677
8222297666
5222289766
5722647976
1765433786
1164333386
1116433976
2211649766
0211197666

After Step 186
6790000008
7946000000
9334700000
6333500000
6833880000
2876557000
2275446900
2227557000
3322880000
1322300000

After Step 187
0002111119
0088111111
0755811111
8544611111
7944991111
3987669221
3386558021
3338669221
4433991111
2433411111

After Step 188
1113222230
1199222233
2966922222
0966943222
0099005322
7000000532
5700000432
4570000532
5557005322
3545743222

After Step 189
2346433341
3500643344
5000053333
3000074333
2400426433
8233211643
6811111543
5681111643
6668116433
4656854333

After Step 190
3457544452
4611754455
6111164444
4111185444
3511537544
9344322754
7922222654
6792222754
7779227544
5767965444

After Step 191
4568655563
5722865566
7222275555
5222296555
5722648655
0765433865
0064333765
0006433865
0000648655
9000086555

After Step 192
5679766674
6833976677
8333497666
6333409766
6833870976
1876556086
1175445986
1117544976
2211759766
0211197666

After Step 193
6790000008
7957000000
9445800000
7444640000
7944994000
2987669600
2286558000
2228669000
3322990000
1322300000

After Step 194
0002111119
0099111111
0966911111
0966972111
0099008211
6000000911
4600000411
3460000311
4446004211
2434632111

After Step 195
1235322230
2400532233
3000053222
3000005322
2400540532
7233223032
5711112632
4571111422
5557115322
3545743222

After Step 196
2346433341
3511643344
4111164333
4111116433
3511651643
8344334143
6822223743
5682222533
6668226433
4656854333

After Step 197
3457544452
4622754455
5222275444
5222227544
4622762754
9455445254
7933334854
6793333644
7779337544
5767965444

After Step 198
4568655563
5733865566
6333386555
6333338655
6833873865
0876556365
0075445965
0007544755
0000758655
9000086555

After Step 199
5679766674
6844976677
7444497666
7444449766
7944984976
1987668586
1186557086
1118656976
2211869766
0211197666

After Step 200
6790000008
7968000000
9656900000
0866900000
0099000000
5000000000
3500000900
2350000000
3335000000
1323500000

After Step 201
0004211119
0000421111
0000031111
4000031111
2400421111
6233212221
4611112021
3461112221
4446111111
2434611111

After Step 202
1115322230
1111532233
1111142222
5111142222
3511532222
7344323332
5722223132
4572223332
5557222222
3545722222

After Step 203
2226433341
2222643344
2222253333
6222253333
4622643333
8455434443
6833334243
5683334443
6668333333
4656833333

After Step 204
3337544452
3333754455
3333364444
7333364444
5733754444
9566545554
7944445354
6794445554
7779444444
5767944444

After Step 205
4448655563
4444865566
4444475555
8444475555
7944865555
0987656665
0086556465
0008656665
0000865555
9000065555

After Step 206
5559766674
5555976677
6655586666
0866696666
0099096666
4000097776
2400097576
1240097776
2224096666
0212286666

After Step 207
6790000008
7900000000
9000000000
3000000000
2400700000
5233500000
3511400000
2351400000
3335400000
1323500000

After Step 208
0002111119
0042111111
0421111111
5211111111
3511811111
6344611111
4622511111
3462511111
4446511111
2434611111

After Step 209
1113222230
1153222233
1532222222
6322222222
4622922222
7455722222
5733622222
4573622222
5557622222
3545722222

After Step 210
2224333341
2264333344
2643333333
7434443333
5734043333
8567943333
6844733333
5684733333
6668733333
4656833333

After Step 211
3335444452
3375444455
3754444444
8545554444
6846264444
9679064444
7956954444
6795844444
7779844444
5767944444

After Step 212
4446555563
4486555566
5965555555
0966665555
0099475555
0000485555
0000085555
0000085555
0000085555
9000075555

After Step 213
5679766674
6800976677
8000086666
3000096666
2400896666
1233696666
1111196666
1111196666
2211196666
0211186666

After Step 214
6790000008
7924000000
9112500000
4112500000
3513000000
2346000000
2223600000
2222500000
3322500000
1322400000

After Step 215
0002111119
0066111111
0533611111
6323611111
4624111111
3457111111
3334711111
3333611111
4433611111
2433511111

After Step 216
1113222230
1177222233
1644722222
7434722222
5735222222
4568222222
4445822222
4444722222
5544722222
3544622222

After Step 217
2224333341
2288333344
2755833333
8545833333
6846333333
5679333333
5556933333
5555833333
6655833333
4655733333

After Step 218
3335444452
3399444455
4966944444
0966944444
0099544444
9000754444
7900064444
6790074444
7779064444
5767954444

After Step 219
4568655563
5700865566
7000075555
3000075555
3500965555
0543965555
0042175555
0004285555
0000485555
9000075555

After Step 220
5679766674
6811976677
8111186666
4112296666
4613096666
1656096666
1154396666
1115396666
2211596666
0211186666

After Step 221
6790000008
7935000000
9223600000
5223600000
5724400000
2767400000
2265700000
2226700000
3322900000
1322400000

After Step 222
0002111119
0077111111
0644711111
7434711111
6835511111
3878511111
3376811111
3338921111
4434021111
2434621111

After Step 223
1113222230
1188222233
1755822222
9655822222
9088722222
6000932222
5700042222
4570052222
5557342222
3545732222

After Step 224
2346433341
3500643344
5000053333
0000063333
0600063333
8335063333
6812263333
5681163333
6668453333
4656843333

After Step 225
3457544452
4611754455
6111164444
1111174444
1711174444
9446174444
7923374444
6792274444
7779564444
5767954444

After Step 226
4568655563
5722865566
7222275555
2222285555
3922285555
0867285555
0065485555
0006485555
0000985555
9000075555

After Step 227
5679766674
6833976677
8333497666
4443508666
6053609666
3098609666
2286809666
1118909666
2212009666
0212408666

After Step 228
6790000008
7957000000
9445800000
5554750000
7287950000
4300060000
3500070000
2350060000
3335350000
1323530000

After Step 229
0002111119
0099111111
0866911111
7766971111
8399071111
5412281111
4611181111
3461171111
4446461111
2434641111

After Step 230
1235322230
2400532233
4000053222
0000004222
0900705222
7745705222
5722404222
4572393222
5557572222
3545752222

After Step 231
2346433341
3511643344
5111164333
2221115333
2021816333
9966816333
6833626333
5683505333
6668794333
4656863333

After Step 232
3457544452
4622754455
6222275444
3332226444
5342927444
0097927444
0085737444
0008937444
0000007444
8000006444

After Step 233
4568655563
5733865566
7333386555
4444447555
6577058555
1300068555
1300078555
1240068555
1123328555
9111117555

After Step 234
5679766674
6844976677
8444497666
5555558666
7688169666
2411179666
2411189666
2351179666
3334439666
0322228666

After Step 235
6790000008
7968000000
9556900000
6666900000
8799500000
3522500000
3522500000
3462400000
4445680000
1433350000

After Step 236
0004211119
0000421111
0000031111
0000031111
0000921111
6965711111
4633611111
4573511111
5556791111
2544461111

After Step 237
1115322230
1111532233
1111142222
1112252222
2222042222
8087932222
6854722222
5684733222
6667903222
3655683222

After Step 238
2226433341
2222643344
2222253333
2223363333
3334263333
9199053333
7966943333
6796954333
7779035333
4767905333

After Step 239
3337544452
3333754455
3333364444
3334474444
5667474444
0700474444
0000074444
0000085444
0000666444
8000026444

After Step 240
4448655563
4444865566
4444475555
4445585555
6778585555
1811585555
1111185555
1111196555
1111777555
9111137555

After Step 241
5559766674
5555976677
5555697666
5556808666
7889909666
2922909666
2222509666
2222409666
3322999666
0322248666

After Step 242
6790000008
7900000000
9000000000
0000080000
0000070000
6077060000
4444750000
3334760000
4434000000
1434590000

After Step 243
0002111119
0042111111
0421111111
2211191111
1111181111
7188171111
5555861111
4445871111
5545222111
2545702111

After Step 244
1113222230
1153222233
1532333222
3322404222
2222404222
8299393222
6666972222
5556982222
6656333222
3656813222

After Step 245
2224333341
2264333344
2643444333
4433515333
3455726333
9500906333
7900006333
6790005333
7779765333
4767924333

After Step 246
3335444452
3375444455
3754555444
5544626444
5667947444
0922027444
0043227444
0005326444
0000096444
8000055444

After Step 247
4446555563
4486555566
4865666555
6656847555
7889068555
2044248555
2264338555
1116548555
1111208555
9111277555

After Step 248
5679766674
6800976677
8000097666
0000078666
0000489666
5487459666
3375449666
2227659666
3322319666
0322388666

After Step 249
6790000008
7924000000
9112500000
1111400000
1111800000
6598700000
4486690000
3338790000
4433560000
1433500000

After Step 250
0002111119
0066111111
0533611111
3323621111
2346031111
7800052111
5700003111
4570003111
5556992111
2544611111

After Step 251
1113222230
1177222233
1644722222
4434732222
3457142222
8911163222
6811114222
5682335222
6668004222
3656943222

After Step 252
2224333341
2288333344
2755833333
5545843333
6778253333
0042274333
0063225333
0006546333
0000425333
7000064333

After Step 253
3335444452
3399444455
3866944444
6656954444
7889364444
1153385444
1174336444
1117657444
1111536444
8111175444

After Step 254
4568655563
5700865566
7000075555
0000085555
0000785555
4596596555
2285447555
2228768555
2222647555
9222286555

After Step 255
5679766674
6811976677
8111297666
1112408666
1235009666
5800009666
3500099666
3460099666
4445968666
0433397666

After Step 256
6790000008
7935000000
9223600000
2223650000
2346140000
6911250000
4611300000
4572500000
5557000000
1545700000

After Step 257
0002111119
0077111111
0644711111
4434761111
4567251111
8032361111
6832411111
5683611111
6668111111
2656811111

After Step 258
1113222230
1188222233
1755822222
5545872222
5678362222
9143472222
7943522222
6794722222
7779222222
3767922222

After Step 259
2224333341
2299333344
2866933333
6656983333
7889473333
0564583333
0085633333
0008933333
0000643333
7000043333

After Step 260
3457544452
4600754455
6000075444
0000006444
0000007444
4000006444
2400085444
1240064444
1123964444
8111154444

After Step 261
4568655563
5711865566
7111186555
1111117555
1111118555
5111117555
3511196555
2352285555
2235085555
9223375555

After Step 262
5679766674
6822976677
8222297666
2222228666
2222229666
6222339666
4622409666
3463609666
4446308666
0434597666

After Step 263
6790000008
7946000000
9334600000
3333470000
3333360000
7333470000
5733540000
4574740000
5557550000
1545700000

After Step 264
0002111119
0088111111
0755711111
5544581111
4444471111
8444581111
6844651111
5685851111
6668661111
2656811111

After Step 265
1113222230
1199222233
1866822222
6655692222
5555582222
9555692222
7955762222
6796962222
7779772222
3767922222

After Step 266
2346433341
3500643344
5000064333
0000005333
0000006333
0000006333
0000006333
0000006333
0000005333
7000064333

After Step 267
3457544452
4611754455
6111175444
1111116444
1111117444
1111117444
1111117444
1111117444
1111116444
8111175444

After Step 268
4568655563
5722865566
7222286555
2222227555
2222228555
2222228555
2222228555
2222228555
2222227555
9222286555

After Step 269
5679766674
6833976677
8333397666
3333338666
3333339666
3333339666
3333339666
3333339666
4433338666
0433397666

After Step 270
6790000008
7957000000
9445700000
4444580000
4444470000
4444470000
4444470000
4444470000
5544580000
1544500000

After Step 271
0002111119
0099111111
0866811111
6655691111
5555581111
5555581111
5555581111
5555581111
6655691111
2655611111

After Step 272
1235322230
2400532233
4000053222
0000004222
0000005222
9000005222
7900005222
6790005222
7779004222
3767943222

After Step 273
2346433341
3511643344
5111164333
1111115333
2211116333
0421116333
0042116333
0004216333
0000425333
7000064333

After Step 274
3457544452
4622754455
6222275444
2222226444
3322227444
1532227444
1153227444
1115327444
1111536444
8111175444

After Step 275
4568655563
5733865566
7333386555
3333337555
4433338555
2643338555
2264338555
2226438555
2222647555
9222286555

After Step 276
5679766674
6844976677
8444497666
4444448666
5544449666
3754449666
3375449666
3337549666
4433758666
0433397666

After Step 277
6790000008
7968000000
9556800000
5555690000
6655580000
4865580000
4486690000
4449900000
5545000000
1545700000

After Step 278
0004211119
0000421111
0000042111
0000003111
0000004111
8000004111
6800003111
5680042111
6668321111
2656811111

After Step 279
1115322230
1111532233
1111153222
1111114222
1111115222
9111115222
7911114222
6791153222
7779432222
3767922222

After Step 280
2226433341
2222643344
2222264333
2222225333
3322226333
0532226333
0053225333
0005364333
0000853333
7000043333

After Step 281
3337544452
3333754455
3333375444
3333336444
4433337444
1643337444
1164336444
1116475444
1111964444
8111154444

After Step 282
4448655563
4444865566
4444486555
4444447555
5544448555
2754448555
2275447555
2228696555
2223085555
9223375555

After Step 283
5559766674
5555976677
5555597666
5555558666
6655559666
3865559666
3386669666
3339909666
4434308666
0434597666

After Step 284
6790000008
7900000000
9000000000
0000000000
0000000000
7000000000
5700000000
4570070000
5557760000
1545700000

After Step 285
0002111119
0042111111
0421111111
2211111111
1111111111
8111111111
6811111111
5681181111
6668871111
2656811111

After Step 286
1113222230
1153222233
1532222222
3322222222
2222222222
9222222222
7922222222
6792292222
7779982222
3767922222

After Step 287
2224333341
2264333344
2643333333
4433333333
4433333333
0643333333
0064444333
0007705333
0000005333
7000064333

After Step 288
3335444452
3375444455
3754444444
5544444444
5544444444
1754444444
1175555444
1118816444
1111116444
8111175444

After Step 289
4446555563
4486555566
4865555555
6655555555
6655555555
2865555555
2286666555
2229927555
2222227555
9222286555

After Step 290
5557666674
5597666677
5976666666
7766666666
8998766666
4000976666
4600097666
3460058666
4445548666
0433397666

After Step 291
6790000008
7900000000
9000000000
0000000000
0000000000
7445000000
5712500000
4571400000
5556900000
1544600000

After Step 292
0002111119
0042111111
0421111111
2211111111
1111111111
8556111111
6823611111
5683621111
6668021111
2656821111

After Step 293
1113222230
1153222233
1532222222
3322222222
2222222222
9667222222
7934722222
6794732222
7779132222
3767932222

After Step 294
2224333341
2264333344
2643333333
4433333333
5543333333
0098333333
0086833333
0008943333
0000553333
7000053333

After Step 295
3335444452
3375444455
3754444444
5544444444
6776544444
1300754444
1300064444
1240074444
1123874444
8111164444

After Step 296
4446555563
4486555566
4865555555
6655555555
7887655555
2411865555
2411175555
2351185555
2234985555
9222275555

After Step 297
5557666674
5597666677
5976666666
7766666666
8998766666
3522976666
3522397666
3463508666
4446009666
0434608666

After Step 298
6790000008
7900000000
9000000000
0000000000
0000000000
6967000000
4634700000
4574750000
5557140000
1545730000

After Step 299
0002111119
0042111111
0421111111
2211111111
2221111111
8088111111
6855811111
5685861111
6668251111
2656841111

After Step 300
1113222230
1153222233
1532222222
3322222222
3332222222
9199222222
7966922222
6796972222
7779362222
3767952222

After Step 301
2224333341
2264333344
2643333333
4433333333
5665433333
0700643333
0000064333
0000005333
0000005333
7000094333

After Step 302
3335444452
3375444455
3754444444
5544444444
6776544444
1811754444
1111175444
1111116444
1111227444
8111206444

After Step 303
4446555563
4486555566
4865555555
6655555555
7887655555
2922865555
2222286555
2222227555
2222338555
9222317555

After Step 304
5679766674
6800976677
8000097666
0000008666
0000009666
6077009666
4444609666
3333449666
4433449666
0433428666

After Step 305
6790000008
7924000000
9112400000
1111250000
1111140000
7188140000
5555740000
4444580000
5544580000
1544550000

After Step 306
0002111119
0066111111
0533511111
3322361111
2222251111
8299251111
6666851111
5555691111
6655691111
2655661111

After Step 307
1113222230
1177222233
1644622222
4433472222
3455462222
9500672222
7900093222
6790004222
7779004222
3767993222

After Step 308
2224333341
2288333344
2755733333
5544583333
5666573333
0921894333
0042205333
0004326333
0000536333
7000005333

After Step 309
3335444452
3399444455
3866955444
6656906444
7889007444
2044007444
2264537444
1115437444
1111647444
8111116444

After Step 310
4568655563
5700865566
7000086555
0000037555
0000428555
5487218555
3375648555
2226548555
2222758555
9222227555

After Step 311
5679766674
6811976677
8111197666
1111148666
1111539666
6598329666
4486759666
3337659666
4433869666
0433338666

After Step 312
6790000008
7935000000
9223500000
2222390000
2344770000
7800880000
5700000000
4570000000
5557000000
1545680000

After Step 313
0002111119
0077111111
0644722111
4433502111
3455992111
8911991111
6811111111
5681111111
6668111111
2656791111

After Step 314
1113222230
1188222233
1755833222
5545834222
6778005222
0044004222
0064443222
0005322222
0000643222
6000003222

After Step 315
2224333341
2299333344
2866944333
6656945333
7889116333
1155115333
1175554333
1116433333
1111754333
7111114333

After Step 316
3457544452
4600754455
6000075444
0000076444
0000537444
4598326444
2286665444
2227544444
2222865444
8222225444

After Step 317
4568655563
5711865566
7111186555
1111187555
1233748555
5800747555
3500096555
3460085555
3346096555
9334446555

After Step 318
5679766674
6822976677
8222297666
2222298666
2344859666
6911969666
4611309666
4571409666
5557309666
0545668666

After Step 319
6790000008
7946000000
9334700000
3334700000
4567000000
8034000000
6833660000
5682540000
6668440000
1656790000

After Step 320
0002111119
0088111111
0755811111
5545811111
5678111111
9145111111
7944771111
6793651111
7779662111
2767902111

After Step 321
1113222230
1199222233
1866922222
6656922222
7889222222
0566222222
0086882222
0008972222
0000093222
6000033222

After Step 322
2346433341
3500643344
5000053333
0000053333
0000743333
4000854333
2400005333
1240006333
1123506333
7111255333

After Step 323
3457544452
4611754455
6111164444
1111164444
1111854444
5111965444
3511116444
2351117444
2234617444
8222366444

After Step 324
4568655563
5722865566
7222275555
2223385555
2224085555
6224096555
4623337555
3462228555
3345728555
9333477555

After Step 325
5679766674
6833976677
8333497666
3334608666
3335409666
7335309666
5734559666
4573339666
5556839666
0544588666

After Step 326
6790000008
7957000000
9445800000
4445850000
4446540000
8446440000
6845690000
5685580000
6668090000
1656800000

After Step 327
0002111119
0099111111
0866911111
6656961111
6668751111
0990972111
0000003111
0000004111
0000803111
5000032111

After Step 328
1235322230
2400532233
4000053222
0000004222
0000005222
4006005222
2333335222
1111115222
1111914222
6111143222

After Step 329
2346433341
3511643344
5111164333
1111115333
1111116333
5117116333
3444446333
2223336333
2223035333
7223364333

After Step 330
3457544452
4622754455
6222275444
2222226444
2222227444
6228227444
4555557444
3334447444
3334146444
8334475444

After Step 331
4568655563
5733865566
7333386555
3333337555
3333338555
7339338555
5666668555
4445558555
4445257555
9445586555

After Step 332
5679766674
6844976677
8444497666
4444448666
4455549666
8450549666
6788879666
5556669666
6656368666
0656697666

After Step 333
6790000008
7968000000
9556900000
5556900000
5568000000
9686000000
7900000000
6790000000
7779900000
1767900000

After Step 334
0004211119
0000421111
0000031111
0000031111
0000521111
0000311111
0074211111
0005321111
0000031111
5000031111

After Step 335
1115322230
1111532233
1111142222
1111142222
1111632222
1111422222
1185322222
1116432222
1111142222
6111142222

After Step 336
2226433341
2222643344
2222253333
2222253333
2222743333
2222533333
2296433333
2227543333
2222253333
7222253333

After Step 337
3337544452
3333754455
3333364444
3333364444
3333854444
3444644444
3408544444
3449654444
3333364444
8333364444

After Step 338
4448655563
4444865566
4444475555
4444475555
4444965555
4566855555
4530855555
4570965555
4455575555
9444475555

After Step 339
5559766674
5555976677
5555586666
5556696666
5568096666
5680096666
5655096666
5683096666
6667796666
0655586666

After Step 340
6790000008
6800000000
6900000000
6900000000
6900700000
6904500000
6877400000
6795500000
7779000000
1767900000

After Step 341
0002111119
0052111111
0041111111
0041111111
0041811111
0067711111
0000711111
0000911111
0000521111
5000021111

After Step 342
1113222230
1163222233
1152222222
1152222222
1152922222
1178822222
1112932222
1112032222
1112742222
6111132222

After Step 343
2224333341
2274333344
2263333333
2264443333
2276053333
2290063333
2236063333
2224253333
2223853333
7222243333

After Step 344
3335444452
3385444455
3374444444
3375554444
3498164444
3402174444
3458174444
3335364444
3334964444
8333354444

After Step 345
4446555563
4496555566
4596555555
4609765555
4700375555
4635385555
4569285555
4447585555
4446085555
9445575555

After Step 346
5679766674
5700976677
5800086666
5840096666
5823696666
5757596666
5680496666
5569796666
6657196666
0656686666

After Step 347
6790000008
6824000000
6912500000
6952500000
6947000000
6980000000
6908000000
6800000000
7890900000
1779000000

After Step 348
0002111119
0076111111
0053611111
0093611111
0099111111
0003211111
0060211111
0064321111
0005021111
5000321111

After Step 349
1113222230
1187222233
1275722222
1307822222
1300322222
1236422222
1171322222
1175432222
1116132222
6111432222

After Step 350
2224333341
2298333344
2386833333
2418933333
2411433333
2347533333
2282433333
2286543333
2227243333
7222543333

After Step 351
3457544452
3500754455
3600064444
3650064444
3534754444
3458644444
3393544444
3397654444
3338354444
8333654444

After Step 352
4568655563
4611865566
4711175555
4761175555
4656965555
4680855555
4608855555
4600965555
4570665555
9455865555

After Step 353
5679766674
5722976677
5822286666
5884496666
5880096666
5807096666
5830096666
5724096666
6782886666
0666976666

After Step 354
6790000008
6846000000
6934700000
6995800000
6991400000
6918400000
6941400000
6836500000
7895000000
1779000000

After Step 355
0002111119
0098111111
0086811111
0008911111
0005611111
0070611111
0093611111
0088611111
0009211111
5000211111

After Step 356
1235322230
1300532233
1300042222
1240042222
1128932222
1292722222
1307822222
1300922222
1240522222
6122422222

After Step 357
2346433341
2411643344
2411153333
2363363333
2350063333
2409063333
2530063333
2424053333
2352743333
7233533333

After Step 358
3457544452
3522754455
3522264444
3474474444
3472274444
3520274444
3652274444
3535164444
3463854444
8344644444

After Step 359
4568655563
4633865566
4633375555
4585585555
4583385555
4631385555
4763385555
4646275555
4574965555
9455755555

After Step 360
5679766674
5744976677
5744486666
5696696666
5694496666
5742496666
5874496666
5758496666
6786086666
0667976666

After Step 361
6800000008
6990000000
6990000000
6900000000
6900000000
6977000000
6986900000
6869800000
7898500000
1779000000

After Step 362
0042111119
0003111111
0003111111
0052111111
0063211111
0000421111
0000031111
0000041111
0000031111
5000421111

After Step 363
1153222230
1114222233
1114222222
1163222222
1174322222
1111532222
1111142222
1111152222
1111142222
6111532222

After Step 364
2264333341
2225333344
2225333333
2274333333
2285433333
2222643333
2222253333
2222263333
2222253333
7222643333

After Step 365
3375444452
3336444455
3336444444
3385444444
3396544444
3333754444
3333364444
3333374444
3333364444
8333754444

After Step 366
4486555563
4447555566
4558555555
4608555555
4609655555
4555865555
4444475555
4444485555
4444475555
9444865555

After Step 367
5597666674
5569766677
5680976666
5740086666
5730096666
5679096666
5556696666
5555596666
6655586666
0655976666

After Step 368
6800000008
6900000000
6906000000
6963500000
6963500000
6900700000
6900000000
6800000000
7890000000
1779000000

After Step 369
0031111119
0041111111
0058111111
0006611111
0006611111
0052811111
0041111111
0052111111
0004211111
5000211111

After Step 370
1142222230
1152222233
1169222222
1117722222
1117722222
1163922222
1152222222
1163222222
1115322222
6111322222

After Step 371
2253333341
2274433344
2280433333
2239933333
2229943333
2275043333
2264443333
2274333333
2226433333
7222433333

After Step 372
3364444452
3496544455
3404754444
3470064444
3350074444
3398364444
3375554444
3385444444
3337544444
8333544444

After Step 373
4586555563
4608655566
4626865555
4581175555
4583285555
4600675555
4700865555
4609655555
4559655555
9444655555

After Step 374
5697666674
5719766677
5737976666
5692286666
5694396666
5712896666
5824096666
5730096666
6780086666
0667976666

After Step 375
6800000008
6960000000
6970000000
6907800000
6908800000
6935000000
6936500000
6841400000
7892500000
1779000000

After Step 376
0042111119
0003111111
0003111111
0059911111
0049911111
0076111111
0077611111
0093511111
0006711111
5000211111

After Step 377
1153222230
1114222233
1126432222
1180042222
1170042222
1199432222
1299722222
1205622222
1228822222
6111322222

After Step 378
2264333341
2225333344
2348543333
2403153333
2505253333
2500853333
2500043333
2439943333
2339933333
7222433333

After Step 379
3375444452
3336444455
3459654444
3514264444
3616364444
3611964444
3623364444
3560074444
3460064444
8345754444

After Step 380
4486555563
4458655566
4570865555
4636475555
4728585555
4723085555
4735585555
4671185555
4571175555
9456865555

After Step 381
5597666674
5569766677
5681976666
5747586666
5839696666
5834196666
5846696666
5782296666
6782286666
0667976666

After Step 382
6800000008
6900000000
6909000000
6980000000
6960000000
6958800000
6958000000
6894700000
7894700000
1779000000

After Step 383
0031111119
0052211111
0060211111
0004211111
0006321111
0000021111
0000421111
0009911111
0009911111
5000211111

After Step 384
1142222230
1163322233
1171322222
1115322222
1117432222
1111132222
1123742222
1130042222
1130042222
6123532222

After Step 385
2253333341
2274433344
2282433333
2226433333
2228543333
2222243333
2234853333
2241153333
2241153333
7234643333

After Step 386
3364444452
3385544455
3393544444
3337544444
3339654444
3333354444
3345964444
3352264444
3352264444
8345754444

After Step 387
4586555563
4608655566
4607755555
4570855555
4460965555
4456675555
4457085555
4464485555
4463375555
9456865555

After Step 388
5697666674
5719766677
5719976666
5683086666
5573096666
5568896666
5568196666
5575596666
6674486666
0667976666

After Step 389
7900000008
9080000000
0080000000
0008600000
0009600000
0000000000
0000000000
0000000000
0000000000
4000000000

After Step 390
0032111119
0603111111
2404211111
1240911111
1130911111
1122211111
1111111111
1111111111
1111111111
5111111111

After Step 391
1143222230
1714222233
3516432222
2353042222
2243042222
2234432222
2222222222
2222222222
2222222222
6222222222

After Step 392
2254333341
2825333344
4627543333
3464153333
3354153333
3345543333
3333333333
3333333333
3333333333
7333333333

After Step 393
3365444452
3936444455
5738654444
4575264444
4465264444
4456654444
4444444444
4444444444
4444444444
8444444444

After Step 394
5586555563
5057555566
7959765555
5686375555
5576375555
5567765555
5555555555
5555555555
5555555555
9555555555

After Step 395
6697666674
7289766677
9090976666
7909586666
6798486666
6678876666
6666666666
6666666666
7766666666
0766666666

After Step 396
7900000008
9700000000
0608000000
0070000000
0000000000
0000000000
0000000000
0000000000
0000000000
4000000000

After Step 397
0031111119
0031111111
3929111111
1181111111
1111111111
1111111111
1111111111
1111111111
1111111111
5111111111

After Step 398
1142222230
2263322233
5060322222
3404322222
2333222222
2222222222
2222222222
2222222222
2222222222
6222222222

After Step 399
2253333341
3374433344
6171433333
4515433333
3444333333
3333333333
3333333333
3333333333
3333333333
7333333333

After Step 400
3364444452
4485544455
7282544444
5626544444
4555444444
4444444444
4444444444
4444444444
4444444444
8444444444

After Step 401
4475555563
5596655566
8393655555
6737655555
5666555555
5555555555
5555555555
5555555555
5555555555
9555555555

After Step 402
5697666674
6809766677
9606766666
7959766666
6777666666
6666666666
6666666666
6666666666
7766666666
0766666666

After Step 403
9000000008
0080000000
0080000000
0000000000
0000000000
0000000000
0000000000
0000000000
0000000000
4000000000

After Step 404
0211111119
2291111111
1191111111
1111111111
1111111111
1111111111
1111111111
1111111111
1111111111
5111111111

After Step 405
1433222230
3504222233
2404222222
2333222222
2222222222
2222222222
2222222222
2222222222
2222222222
6222222222

After Step 406
2544333341
4615333344
3515333333
3444333333
3333333333
3333333333
3333333333
3333333333
3333333333
7333333333

After Step 407
3655444452
5726444455
4626444444
4555444444
4444444444
4444444444
4444444444
4444444444
4444444444
8444444444

After Step 408
4766555563
6837555566
5737555555
5666555555
5555555555
5555555555
5555555555
5555555555
5555555555
9555555555

After Step 409
5877666674
7948666677
6848666666
6777666666
6666666666
6666666666
6666666666
6666666666
7766666666
0766666666

After Step 410
9000000008
0000000000
0000000000
0000000000
0000000000
0000000000
0000000000
0000000000
0000000000
4000000000

After Step 411
0211111119
2211111111
1111111111
1111111111
1111111111
1111111111
1111111111
1111111111
1111111111
5111111111

After Step 412
1322222230
3322222233
2222222222
2222222222
2222222222
2222222222
2222222222
2222222222
2222222222
6222222222

After Step 413
2433333341
4433333344
3333333333
3333333333
3333333333
3333333333
3333333333
3333333333
3333333333
7333333333

After Step 414
3544444452
5544444455
4444444444
4444444444
4444444444
4444444444
4444444444
4444444444
4444444444
8444444444

After Step 415
4655555563
6655555566
5555555555
5555555555
5555555555
5555555555
5555555555
5555555555
5555555555
9555555555

After Step 416
5766666674
7766666677
6666666666
6666666666
6666666666
6666666666
6666666666
6666666666
7766666666
0766666666

After Step 417
6877777785
8877777788
7777777777
7777777777
7777777777
7777777777
7777777777
7777777777
8877777777
1877777777

After Step 418
7988888896
9988888899
8888888888
8888888888
8888888888
8888888888
8888888888
8888888888
9988888888
2988888888

After Step 419
0000000000
0000000000
0000000000
0000000000
0000000000
0000000000
0000000000
0000000000
0000000000
6000000000

After Step 420
1111111111
1111111111
1111111111
1111111111
1111111111
1111111111
1111111111
1111111111
1111111111
7111111111

After Step 421
2222222222
2222222222
2222222222
2222222222
2222222222
2222222222
2222222222
2222222222
2222222222
8222222222

After Step 422
3333333333
3333333333
3333333333
3333333333
3333333333
3333333333
3333333333
3333333333
3333333333
9333333333

After Step 423
4444444444
4444444444
4444444444
4444444444
4444444444
4444444444
4444444444
4444444444
5544444444
0544444444

After Step 424
5555555555
5555555555
5555555555
5555555555
5555555555
5555555555
5555555555
5555555555
6655555555
1655555555

After Step 425
6666666666
6666666666
6666666666
6666666666
6666666666
6666666666
6666666666
6666666666
7766666666
2766666666

After Step 426
7777777777
7777777777
7777777777
7777777777
7777777777
7777777777
7777777777
7777777777
8877777777
3877777777

After Step 427
8888888888
8888888888
8888888888
8888888888
8888888888
8888888888
8888888888
8888888888
9988888888
4988888888

After Step 428
0000000000
0000000000
0000000000
0000000000
0000000000
0000000000
0000000000
0000000000
0000000000
8000000000

After Step 429
1111111111
1111111111
1111111111
1111111111
1111111111
1111111111
1111111111
1111111111
1111111111
9111111111

After Step 430
2222222222
2222222222
2222222222
2222222222
2222222222
2222222222
2222222222
2222222222
3322222222
0322222222

After Step 431
3333333333
3333333333
3333333333
3333333333
3333333333
3333333333
3333333333
3333333333
4433333333
1433333333

After Step 432
4444444444
4444444444
4444444444
4444444444
4444444444
4444444444
4444444444
4444444444
5544444444
2544444444

After Step 433
5555555555
5555555555
5555555555
5555555555
5555555555
5555555555
5555555555
5555555555
6655555555
3655555555

After Step 434
6666666666
6666666666
6666666666
6666666666
6666666666
6666666666
6666666666
6666666666
7766666666
4766666666

After Step 435
7777777777
7777777777
7777777777
7777777777
7777777777
7777777777
7777777777
7777777777
8877777777
5877777777

After Step 436
8888888888
8888888888
8888888888
8888888888
8888888888
8888888888
8888888888
8888888888
9988888888
6988888888

After Step 437
0000000000
0000000000
0000000000
0000000000
0000000000
0000000000
0000000000
0000000000
0000000000
0000000000
